           1  0.599999964    
           2  0.899999976    
           3  0.337500095    
           4  0.838476658    
           5  0.507875860    
           6  0.937267363    
           7  0.220489696    
           8  0.644527495    
           9  0.859169245    
          10  0.453740448    
          11  0.929475129    
          12  0.245816678    
          13  0.695215583    
          14  0.794590831    
          15  0.612060905    
          16  0.890408874    
          17  0.365928441    
          18  0.870093048    
          19  0.423866749    
          20  0.915763974    
          21  0.289276183    
          22  0.770983040    
          23  0.662130713    
          24  0.838926136    
          25  0.506734014    
          26  0.937329948    
          27  0.220284432    
          28  0.644096971    
          29  0.859635234    
          30  0.452484369    
          31  0.929033518    
          32  0.247238412    
          33  0.697918415    
          34  0.790606141    
          35  0.620805264    
          36  0.882772803    
          37  0.388068676    
          38  0.890517652    
          39  0.365609884    
          40  0.869772315    
          41  0.424756646    
          42  0.916269183    
          43  0.287699878    
          44  0.768482506    
          45  0.667189300    
          46  0.832678974    
          47  0.522467613    
          48  0.935607016    
          49  0.225924477    
          50  0.655809760    
          51  0.846462488    
          52  0.487364054    
          53  0.936901271    
          54  0.221689805    
          55  0.647037864    
          56  0.856424510    
          57  0.461105883    
          58  0.931827188    
          59  0.238219798    
          60  0.680516720    
          61  0.815301418    
          62  0.564693809    
          63  0.921805203    
          64  0.270301402    
          65  0.739644587    
          66  0.722139239    
          67  0.752453089    
          68  0.698502898    
          69  0.789737284    
          70  0.622696102    
          71  0.881046295    
          72  0.393013954    
          73  0.894577444    
          74  0.353657424    
          75  0.857189476    
          76  0.459058791    
          77  0.931214392    
          78  0.240203053    
          79  0.684395790    
          80  0.809993207    
          81  0.577140808    
          82  0.915184855    
          83  0.291080743    
          84  0.773822784    
          85  0.656329036    
          86  0.845854640    
          87  0.488942116    
          88  0.937041402    
          89  0.221230552    
          90  0.646078467    
          91  0.857479095    
          92  0.458282620    
          93  0.930973768    
          94  0.240981042    
          95  0.685909390    
          96  0.807891369    
          97  0.582010865    
          98  0.912278295    
          99  0.300099790    
         100  0.787649632    
         101  0.627216339    
         102  0.876810014    
         103  0.405053288    
         104  0.903694272    
         105  0.326366007    
         106  0.824442148    
         107  0.542764843    
         108  0.930641890    
         109  0.242053360    
         110  0.687988222    
         111  0.804976583    
         112  0.588709831    
         113  0.907989621    
         114  0.313291758    
         115  0.806775093    
         116  0.584583938    
         117  0.910670817    
         118  0.305060536    
         119  0.794994831    
         120  0.611167729    
         121  0.891156495    
         122  0.363737255    
         123  0.867871821    
         124  0.430013686    
         125  0.919132233    
         126  0.278730631    
         127  0.753899515    
         128  0.695756376    
         129  0.793797910    
         130  0.613810480    
         131  0.888926923    
         132  0.370259434    
         133  0.874377787    
         134  0.411904752    
         135  0.908397079    
         136  0.312044352    
         137  0.805022538    
         138  0.588604689    
         139  0.908059537    
         140  0.313077807    
         141  0.806475341    
         142  0.585273206    
         143  0.910231829    
         144  0.306411922    
         145  0.796963751    
         146  0.606796980    
         147  0.894729018    
         148  0.353208780    
         149  0.856696308    
         150  0.460379034    
         151  0.931613207    
         152  0.238912657    
         153  0.681875288    
         154  0.813455164    
         155  0.569046974    
         156  0.919621944    
         157  0.277190328    
         158  0.751334488    
         159  0.700616181    
         160  0.786574304    
         161  0.629531860    
         162  0.874580622    
         163  0.411335111    
         164  0.908019543    
         165  0.313200176    
         166  0.806646883    
         167  0.584878802    
         168  0.910483420    
         169  0.305637598    
         170  0.795837283    
         171  0.609301150    
         172  0.892699659    
         173  0.359201193    
         174  0.863158822    
         175  0.442933738    
         176  0.925287902    
         177  0.259238243    
         178  0.720126688    
         179  0.755790889    
         180  0.692141354    
         181  0.799056351    
         182  0.602119863    
         183  0.898393273    
         184  0.342310488    
         185  0.844252586    
         186  0.493088096    
         187  0.937320769    
         188  0.220314547    
         189  0.644160151    
         190  0.859566927    
         191  0.452668607    
         192  0.929099023    
         193  0.247027606    
         194  0.697518587    
         195  0.791199028    
         196  0.619511724    
         197  0.883938551    
         198  0.384716958    
         199  0.887661755    
         200  0.373943865    
         201  0.877911925    
         202  0.401934683    
         203  0.901436985    
         204  0.333181322    
         205  0.833143234    
         206  0.521308422    
         207  0.935797334    
         208  0.225302562    
         209  0.654529929    
         210  0.847951889    
         211  0.483485550    
         212  0.936477184    
         213  0.223078743    
         214  0.649929821    
         215  0.853203893    
         216  0.469676286    
         217  0.934051812    
         218  0.230996341    
         219  0.666138828    
         220  0.833992124    
         221  0.519184709    
         222  0.936119795    
         223  0.224248216    
         224  0.652353585    
         225  0.850456476    
         226  0.476925969    
         227  0.935503483    
         228  0.226262689    
         229  0.656504571    
         230  0.845648706    
         231  0.489476144    
         232  0.937084675    
         233  0.221088707    
         234  0.645781875    
         235  0.857803702    
         236  0.457411915    
         237  0.930698514    
         238  0.241870463    
         239  0.687634289    
         240  0.805475116    
         241  0.587568581    
         242  0.908744097    
         243  0.310981005    
         244  0.803519309    
         245  0.592035115    
         246  0.905735731    
         247  0.320169419    
         248  0.816228569    
         249  0.562498093    
         250  0.922852457    
         251  0.266984254    
         252  0.733888745    
         253  0.732360184    
         254  0.735032797    
         255  0.730348408    
         256  0.738523543    
         257  0.724149466    
         258  0.749088824    
         259  0.704830289    
         260  0.780167103    
         261  0.643149018    
         262  0.860656321    
         263  0.449726313    
         264  0.928022087    
         265  0.250489086    
         266  0.704041123    
         267  0.781377077    
         268  0.640601039    
         269  0.863367558    
         270  0.442365080    
         271  0.925043344    
         272  0.260018080    
         273  0.721532524    
         274  0.753462493    
         275  0.696587861    
         276  0.792574584    
         277  0.616500378    
         278  0.886603713    
         279  0.377015889    
         280  0.880780876    
         281  0.393772215    
         282  0.895183682    
         283  0.351861954    
         284  0.855206668    
         285  0.464355856    
         286  0.932735622    
         287  0.235274553    
         288  0.674701631    
         289  0.823047519    
         290  0.546151102    
         291  0.929512799    
         292  0.245695338    
         293  0.694984257    
         294  0.794929266    
         295  0.611312747    
         296  0.891035497    
         297  0.364092171    
         298  0.868233979    
         299  0.429014027    
         300  0.918603718    
         301  0.280390978    
         302  0.756644607    
         303  0.690500796    
         304  0.801410377    
         305  0.596819162    
         306  0.902347684    
         307  0.330436289    
         308  0.829680562    
         309  0.529915214    
         310  0.934144020    
         311  0.230696142    
         312  0.665532887    
         313  0.834745705    
         314  0.517294943    
         315  0.936378300    
         316  0.223402426    
         317  0.650601625    
         318  0.852446854    
         319  0.471679568    
         320  0.934492290    
         321  0.229561687    
         322  0.663236678    
         323  0.837576687    
         324  0.510157406    
         325  0.937113106    
         326  0.220995501    
         327  0.645586848    
         328  0.858016729    
         329  0.456840068    
         330  0.930514634    
         331  0.242464319    
         332  0.688782692    
         333  0.803854108    
         334  0.591272533    
         335  0.906260014    
         336  0.318573028    
         337  0.814065993    
         338  0.567609549    
         339  0.920358539    
         340  0.274870127    
         341  0.747437060    
         342  0.707905829    
         343  0.775406897    
         344  0.653066397    
         345  0.849640012    
         346  0.479069501    
         347  0.935857177    
         348  0.225106955    
         349  0.654126823    
         350  0.848418415    
         351  0.482267290    
         352  0.936320841    
         353  0.223590463    
         354  0.650991619    
         355  0.852005780    
         356  0.472844720    
         357  0.934734702    
         358  0.228771523    
         359  0.661631703    
         360  0.839531958    
         361  0.505192697    
         362  0.937398851    
         363  0.220058411    
         364  0.643622637    
         365  0.860147059    
         366  0.451102853    
         367  0.928534031    
         368  0.248844698    
         369  0.700953841    
         370  0.786065876    
         371  0.630623698    
         372  0.873515427    
         373  0.414323360    
         374  0.909973204    
         375  0.307207406    
         376  0.798116267    
         377  0.604225099    
         378  0.896764219    
         379  0.347168088    
         380  0.849909067    
         381  0.478363663    
         382  0.935744584    
         383  0.225474969    
         384  0.654884994    
         385  0.847539842    
         386  0.484560221    
         387  0.936606050    
         388  0.222656831    
         389  0.649052858    
         390  0.854187191    
         391  0.467067897    
         392  0.933433056    
         393  0.233009189    
         394  0.670184672    
         395  0.828889370    
         396  0.531869173    
         397  0.933691382    
         398  0.232169196    
         399  0.668499947    
         400  0.831029117    
         401  0.526573956    
         402  0.934851825    
         403  0.228389591    
         404  0.660854161    
         405  0.840472281    
         406  0.502794862    
         407  0.937470734    
         408  0.219822586    
         409  0.643127322    
         410  0.860679626    
         411  0.449663281    
         412  0.927998304    
         413  0.250565439    
         414  0.704183996    
         415  0.781158388    
         416  0.641062379    
         417  0.862880230    
         418  0.443692267    
         419  0.925610423    
         420  0.258209139    
         421  0.718264461    
         422  0.758852363    
         423  0.686232984    
         424  0.807439804    
         425  0.583052874    
         426  0.911633372    
         427  0.302092373    
         428  0.790622115    
         429  0.620770454    
         430  0.882804394    
         431  0.387977958    
         432  0.890441477    
         433  0.365832925    
         434  0.869997025    
         435  0.424133271    
         436  0.915915847    
         437  0.288802534    
         438  0.770233631    
         439  0.663651705    
         440  0.837067962    
         441  0.511444449    
         442  0.937008798    
         443  0.221337408    
         444  0.646301866    
         445  0.857234061    
         446  0.458939344    
         447  0.931177616    
         448  0.240321994    
         449  0.684627473    
         450  0.809672594    
         451  0.577885807    
         452  0.914751768    
         453  0.292428643    
         454  0.775928080    
         455  0.651988804    
         456  0.850872755    
         457  0.475831151    
         458  0.935309529    
         459  0.226896048    
         460  0.657803357    
         461  0.844117880    
         462  0.493435800    
         463  0.937338412    
         464  0.220256671    
         465  0.644038796    
         466  0.859698057    
         467  0.452314883    
         468  0.928973019    
         469  0.247433051    
         470  0.698287249    
         471  0.790058136    
         472  0.621998549    
         473  0.881686330    
         474  0.391183287    
         475  0.893095970    
         476  0.358033329    
         477  0.861920536    
         478  0.446300715    
         479  0.926686406    
         480  0.254770160    
         481  0.711983681    
         482  0.768985927    
         483  0.666174650    
         484  0.833947420    
         485  0.519296706    
         486  0.936103642    
         487  0.224301040    
         488  0.652462780    
         489  0.850331604    
         490  0.477254122    
         491  0.935559809    
         492  0.226078689    
         493  0.656126678    
         494  0.846091688    
         495  0.488327056    
         496  0.936989069    
         497  0.221402079    
         498  0.646436989    
         499  0.857085824    
         500  0.459336430    
