           1  0.577124953    
           2  0.915194094    
           3  0.291051984    
           4  0.773777723    
           5  0.656421602    
           6  0.845746040    
           7  0.489223778    
           8  0.937064528    
           9  0.221154749    
          10  0.645919979    
          11  0.857652605    
          12  0.457817316    
          13  0.930827379    
          14  0.241454139    
          15  0.686827660    
          16  0.806607842    
          17  0.584968626    
          18  0.910426259    
          19  0.305813581    
          20  0.796093643    
          21  0.608732045    
          22  0.893164992    
          23  0.357829839    
          24  0.861703694    
          25  0.446889132    
          26  0.926922143    
          27  0.254015565    
          28  0.710593760    
          29  0.771188498    
          30  0.661713004    
          31  0.839433432    
          32  0.505443513    
          33  0.937388897    
          34  0.220091060    
          35  0.643691182    
          36  0.860073149    
          37  0.451302469    
          38  0.928607047    
          39  0.248610005    
          40  0.700511515    
          41  0.786731720    
          42  0.629193425    
          43  0.874908984    
          44  0.410412192    
          45  0.907402575    
          46  0.315086782    
          47  0.809276640    
          48  0.578804851    
          49  0.914211750    
          50  0.294107348    
          51  0.778530836    
          52  0.646577120    
          53  0.856931806    
          54  0.459748834    
          55  0.931424379    
          56  0.239523768    
          57  0.683070481    
          58  0.811819494    
          59  0.572882295    
          60  0.917580605    
          61  0.283599138    
          62  0.761890054    
          63  0.680300951    
          64  0.815593421    
          65  0.564002931    
          66  0.922138572    
          67  0.269246370    
          68  0.737822831    
          69  0.725401163    
          70  0.746978700    
          71  0.708755732    
          72  0.774078906    
          73  0.655802786    
          74  0.846470594    
          75  0.487342954    
          76  0.936899245    
          77  0.221696436    
          78  0.647051752    
          79  0.856409192    
          80  0.461146832    
          81  0.931839108    
          82  0.238181189    
          83  0.680440962    
          84  0.815403998    
          85  0.564451218    
          86  0.921922624    
          87  0.269929886    
          88  0.739004016    
          89  0.723289073    
          90  0.750532448    
          91  0.702125609    
          92  0.784294665    
          93  0.634411991    
          94  0.869750321    
          95  0.424817622    
          96  0.916303575    
          97  0.287592500    
          98  0.768311441    
          99  0.667533636    
         100  0.832246780    
         101  0.523545265    
         102  0.935421050    
         103  0.226531908    
         104  0.657056987    
         105  0.844999135    
         106  0.491158485    
         107  0.937206864    
         108  0.220688090    
         109  0.644943178    
         110  0.858718038    
         111  0.454955131    
         112  0.929891169    
         113  0.244475931    
         114  0.692652941    
         115  0.798318207    
         116  0.603773415    
         117  0.897116601    
         118  0.346119016    
         119  0.848702371    
         120  0.481524944    
         121  0.936220050    
         122  0.223920256    
         123  0.651674926    
         124  0.851230145    
         125  0.474890172    
         126  0.935135603    
         127  0.227463767    
         128  0.658964992    
         129  0.842737973    
         130  0.496990055    
         131  0.937465966    
         132  0.219838232    
         133  0.643160164    
         134  0.860644400    
         135  0.449758559    
         136  0.928034306    
         137  0.250449896    
         138  0.703967810    
         139  0.781489253    
         140  0.640364230    
         141  0.863617003    
         142  0.441685021    
         143  0.924747586    
         144  0.260960579    
         145  0.723225594    
         146  0.750638783    
         147  0.701925755    
         148  0.784597516    
         149  0.633765936    
         150  0.870400012    
         151  0.423014343    
         152  0.915274560    
         153  0.290801406    
         154  0.773384809    
         155  0.657227755    
         156  0.844797909    
         157  0.491679013    
         158  0.937240303    
         159  0.220578432    
         160  0.644713461    
         161  0.858967543    
         162  0.454283625    
         163  0.929662585    
         164  0.245212734    
         165  0.694062948    
         166  0.796273351    
         167  0.608332872    
         168  0.893489957    
         169  0.356871217    
         170  0.860678017    
         171  0.449667633    
         172  0.927999973    
         173  0.250560105    
         174  0.704174042    
         175  0.781173587    
         176  0.641030312    
         177  0.862914205    
         178  0.443599790    
         179  0.925571263    
         180  0.258334130    
         181  0.718491018    
         182  0.758481324    
         183  0.686952770    
         184  0.806432486    
         185  0.585371733    
         186  0.910168707    
         187  0.306606114    
         188  0.797245502    
         189  0.606169164    
         190  0.895230472    
         191  0.351723284    
         192  0.855052531    
         193  0.464766353    
         194  0.932844639    
         195  0.234920710    
         196  0.673998594    
         197  0.823966801    
         198  0.543920636    
         199  0.930266201    
         200  0.243266225    
         201  0.690329134    
         202  0.801655531    
         203  0.596264780    
         204  0.902749062    
         205  0.329224467    
         206  0.828133941    
         207  0.533730447    
         208  0.933233440    
         209  0.233657956    
         210  0.671482205    
         211  0.827226937    
         212  0.535959482    
         213  0.932650983    
         214  0.235549226    
         215  0.675246716    
         216  0.822332144    
         217  0.547882438    
         218  0.928902328    
         219  0.247660473    
         220  0.698717892    
         221  0.789416969    
         222  0.623391807    
         223  0.880404234    
         224  0.394847304    
         225  0.896035969    
         226  0.349333167    
         227  0.852373123    
         228  0.471874446    
         229  0.934533536    
         230  0.229427278    
         231  0.662963986    
         232  0.837910295    
         233  0.509312332    
         234  0.937174797    
         235  0.220793232    
         236  0.645163417    
         237  0.858478427    
         238  0.455599546    
         239  0.930107236    
         240  0.243779123    
         241  0.691315711    
         242  0.800243616    
         243  0.599451661    
         244  0.900410116    
         245  0.336269021    
         246  0.836970627    
         247  0.511690497    
         248  0.936987460    
         249  0.221407339    
         250  0.646447957    
         251  0.857073724    
         252  0.459368825    
         253  0.931309164    
         254  0.239896521    
         255  0.683798134    
         256  0.810818434    
         257  0.575219631    
         258  0.916282475    
         259  0.287658364    
         260  0.768416405    
         261  0.667322397    
         262  0.832512081    
         263  0.522883952    
         264  0.935536206    
         265  0.226155803    
         266  0.656285107    
         267  0.845906079    
         268  0.488808692    
         269  0.937030315    
         270  0.221266881    
         271  0.646154404    
         272  0.857395828    
         273  0.458505809    
         274  0.931043386    
         275  0.240755990    
         276  0.685472071    
         277  0.808500409    
         278  0.580603123    
         279  0.913136840    
         280  0.297442317    
         281  0.783638895    
         282  0.635808647    
         283  0.868335009    
         284  0.428734958    
         285  0.918454885    
         286  0.280858159    
         287  0.757413208    
         288  0.689019144    
         289  0.803519130    
         290  0.592035532    
         291  0.905735493    
         292  0.320170164    
         293  0.816229582    
         294  0.562495708    
         295  0.922853529    
         296  0.266980857    
         297  0.733882785    
         298  0.732370675    
         299  0.735014558    
         300  0.730380595    
         301  0.738467932    
         302  0.724248886    
         303  0.748921633    
         304  0.705142617    
         305  0.779686868    
         306  0.644157231    
         307  0.859570086    
         308  0.452660054    
         309  0.929095924    
         310  0.247037575    
         311  0.697537541    
         312  0.791170955    
         313  0.619572997    
         314  0.883883655    
         315  0.384875029    
         316  0.887798369    
         317  0.373546600    
         318  0.877535760    
         319  0.403000295    
         320  0.902216434    
         321  0.330832273    
         322  0.830183566    
         323  0.528670549    
         324  0.934417546    
         325  0.229805231    
         326  0.663730443    
         327  0.836971283    
         328  0.511688828    
         329  0.936987638    
         330  0.221406758    
         331  0.646446764    
         332  0.857075036    
         333  0.459365338    
         334  0.931308031    
         335  0.239900187    
         336  0.683805346    
         337  0.810808480    
         338  0.575242877    
         339  0.916269422    
         340  0.287699133    
         341  0.768481314    
         342  0.667191684    
         343  0.832676053    
         344  0.522474945    
         345  0.935605824    
         346  0.225928366    
         347  0.655817807    
         348  0.846453011    
         349  0.487388670    
         350  0.936903596    
         351  0.221682176    
         352  0.647021949    
         353  0.856442034    
         354  0.461059034    
         355  0.931813478    
         356  0.238264203    
         357  0.680603921    
         358  0.815183342    
         359  0.564972937    
         360  0.921669424    
         361  0.270730883    
         362  0.740383804    
         363  0.720808566    
         364  0.754663408    
         365  0.694299579    
         366  0.795928776    
         367  0.609098077    
         368  0.892866015    
         369  0.358711094    
         370  0.862640381    
         371  0.444344819    
         372  0.925884366    
         373  0.257334411    
         374  0.716675282    
         375  0.761444390    
         376  0.681175649    
         377  0.814407706    
         378  0.566804230    
         379  0.920764506    
         380  0.273589611    
         381  0.745268762    
         382  0.711912096    
         383  0.769099712    
         384  0.665944993    
         385  0.834233463    
         386  0.518579960    
         387  0.936205447    
         388  0.223968029    
         389  0.651773810    
         390  0.851117671    
         391  0.475186408    
         392  0.935191095    
         393  0.227282658    
         394  0.658594668    
         395  0.843178928    
         396  0.495855838    
         397  0.937435627    
         398  0.219937772    
         399  0.643369257    
         400  0.860419691    
         401  0.450366199    
         402  0.928261876    
         403  0.249719128    
         404  0.702598035    
         405  0.783577681    
         406  0.635938883    
         407  0.868202329    
         408  0.429101437    
         409  0.918650150    
         410  0.280245215    
         411  0.756404400    
         412  0.690962911    
         413  0.800749362    
         414  0.598311782    
         415  0.901255488    
         416  0.333727628    
         417  0.833825648    
         418  0.519601643    
         419  0.936059117    
         420  0.224446669    
         421  0.652763844    
         422  0.849987090    
         423  0.478158891    
         424  0.935711086    
         425  0.225584432    
         426  0.655110359    
         427  0.847277939    
         428  0.485242635    
         429  0.936683357    
         430  0.222403660    
         431  0.648526013    
         432  0.854775071    
         433  0.465504915    
         434  0.933037877    
         435  0.234293237    
         436  0.672749698    
         437  0.825590789    
         438  0.539964855    
         439  0.931510568    
         440  0.239244863    
         441  0.682525337    
         442  0.812566876    
         443  0.571132302    
         444  0.918525696    
         445  0.280635893    
         446  0.757047713    
         447  0.689724267    
         448  0.802517653    
         449  0.594311476    
         450  0.904145002    
         451  0.325000554    
         452  0.822656989    
         453  0.547096789    
         454  0.929182053    
         455  0.246760368    
         456  0.697011352    
         457  0.791949511    
         458  0.617870569    
         459  0.885399520    
         460  0.380502015    
         461  0.883950889    
         462  0.384681433    
         463  0.887631118    
         464  0.374032915    
         465  0.877996087    
         466  0.401696086    
         467  0.901261270    
         468  0.333710223    
         469  0.833803952    
         470  0.519655943    
         471  0.936051130    
         472  0.224472791    
         473  0.652817845    
         474  0.849925160    
         475  0.478321433    
         476  0.935737610    
         477  0.225497752    
         478  0.654931962    
         479  0.847485304    
         480  0.484702349    
         481  0.936622441    
         482  0.222603157    
         483  0.648941219    
         484  0.854311943    
         485  0.466736436    
         486  0.933350801    
         487  0.233276561    
         488  0.670719802    
         489  0.828205287    
         490  0.533554852    
         491  0.933277726    
         492  0.233514041    
         493  0.671194613    
         494  0.827596486    
         495  0.535052001    
         496  0.932892561    
         497  0.234765112    
         498  0.673689187    
         499  0.824370265    
         500  0.542939723    
